-18.9    0,1,2
-18.1    5,6,7
-17.2    9,10,11
-16.4    14,15,16
-15.7    18,19,20
-14.8    23,24,25
-14.0    27,28,29
-13.2    32,33,34
-12.4    37,38,39
-11.5    41,42,43
-10.7    46,47,48
-9.8    50,51,52
-9.0    55,56,57
-8.2    59,60,61
-7.3    64,65,66
-6.4    68,69,70
-5.6    73,74,75
-4.8    77,78,79
-3.9    82,83,84
-3.0    87,88,89
-2.2    91,92,93
-1.3    96,97,98
-0.4    100,101,102
0.4    105,106,107
1.3    109,110,111
2.1    114,115,116
3.0    119,120,121
3.8    123,124,125
4.7    128,129,130
5.6    132,133,134
6.4    137,138,139
7.3    142,143,144
8.1    146,147,148
9.0    151,152,153
9.9    155,156,157
10.7    160,161,162
11.5    164,165,166
12.4    169,170,171
13.2    173,174,175
14.0    178,179,180
14.6    182,183,184
